5.7047
3.05341
15.0259
-4.0067
-7.26698
-1.15615
-11.0512
3.24763
-9.84197
-4.33265
0.937623
-1.93699
-9.61642
-1.01036
-5.01464
10.1136
-8.22828
6.21343
2.45607
9.28403
-2.66482
-10.2673
-9.66955
4.77174
1.99389
2.97243
-5.04368
-3.10124
8.74448
-1.75073
-3.16681
-1.69478
5.93482
-2.16437
-2.20926
-0.426772
8.16721
7.00865
-14.0052
11.6877
-9.41218
10.7279
14.8223
16.3606
-7.70731
-12.0933
7.54791
-3.81192
-0.999352
15.258
4.81201
2.54976
-3.35228
0.228771
-3.29868
-2.81791
9.12977
0.932972
5.52068
0.560447
10.6842
-1.60947
-3.31116
-8.0364
-0.409696
11.5211
19.3516
-1.61222
-5.15049
-5.29367
2.93021
5.68648
-11.1342
1.23693
-0.111049
7.76302
-2.21326
4.47486
-7.41836
-15.4369
-4.37624
-7.01629
3.60215
1.54542
-1.88573
-14.6524
9.80233
-5.44139
-7.62942
6.53535
-3.44513
2.99234
8.17627
-7.32477
-1.24664
-0.97168
6.61682
4.00082
-2.67972
3.46318
9.72652
-10.2851
-5.67878
5.14039
1.12243
6.3523
3.64498
3.79987
-17.6477
0.518489
4.20216
-3.35081
-6.38756
4.02569
5.87935
-1.99746
-2.89276
-4.32846
6.5393
6.96909
-7.31312
-7.27228
0.546994
9.87737
10.2166
4.62534
-12.0803
3.72247
-3.98577
-8.97526
4.50462
-13.5333
4.17954
-6.23751
6.19402
-3.02928
5.83711
7.08845
-9.08153
-7.00414
-4.69873
0.616726
-8.56789
-1.75922
-0.118398
12.8783
0.36681
6.99488
-5.09283
-1.97717
3.55521
8.22321
5.64219
-4.53703
3.17964
-12.1416
1.21989
6.28132
-4.65636
-2.53023
11.5056
-5.33544
-8.08622
-9.0723
9.62254
-0.426283
-10.3937
3.95205
7.81058
-5.73373
-1.19631
-8.33114
4.87761
6.18561
-8.32989
-8.85853
-1.07564
1.42191
4.26294
6.91774
-0.0796123
2.33806
-0.756903
-6.93586
-7.37987
-5.56404
8.61904
-6.47694
3.88784
-12.0699
-6.80028
6.30533
-1.79218
7.60281
6.6007
0.217588
-6.07581
0.410911
5.93287
-2.63977
7.97677
-6.95519
-8.10389
-7.26013
0.197954
12.3452
1.10106
-3.37454
16.7017
12.3717
-6.17694
-1.28074
1.29344
-0.210121
2.98707
17.1964
-3.67467
-15.5092
10.1891
-2.92287
-0.186013
-1.06634
7.16699
-0.836111
-1.37236
-1.12981
2.92803
15.6371
7.99777
-5.22338
-2.91625
-3.09125
0.180277
7.29628
-4.90916
8.44886
-0.746919
-5.10077
-7.51097
2.06995
-6.00558
2.10902
6.53876
-2.63621
-2.29284
-3.41446
-0.423895
-5.38049
4.24994
-0.0878452
-2.27234
-2.85734
-1.32153
4.01969
15.8325
-11.3431
0.00735388
-4.39168
5.44503
-9.30015
-2.98141
-7.10556
3.52099
9.26232
4.53313
-6.95253
4.27625
-0.475972
8.00974
10.5319
-7.94912
-8.069
1.94034
6.35331
-2.92168
-2.28711
10.5475
-5.56233
-7.0456
2.09005
-0.244914
1.20483
-3.22586
-2.88394
0.121642
-0.109474
-0.205049
0.325023
5.82628
-9.11886
6.46499
-2.88346
-1.30932
-7.871
-2.36867
-6.47118
8.75907
-2.13925
-6.56432
3.83577
4.51351
-3.56971
0.691705
0.0393352
-7.6497
0.607975
6.50513
-4.49805
2.64838
6.43081
0.0296394
3.29508
-7.52649
1.62281
-3.19078
-4.57064
-0.534157
14.6593
-1.91314
-8.88047
5.8329
4.21673
2.25763
7.44161
-5.80298
-3.47035
9.18276
1.94076
1.73815
1.97436
2.8344
0.322619
1.32449
4.39464
-8.49073
1.93293
-3.5248
2.19917
3.46918
3.5714
-6.42046
-4.63213
-5.55672
1.17971
3.01006
1.11601
-7.19757
-2.93055
-0.518893
-2.88786
6.76434
-6.8399
-0.811416
-2.19037
7.32072
0.129676
-3.36355
0.372228
-3.77588
1.82958
-3.56329
-4.02158
-0.00314977
0.755945
3.35353
-0.681077
-0.686185
0.145117
-7.43744
1.82418
-2.65254
4.83548
-3.00703
-4.93766
3.14599
3.42144
-2.70123
0.397702
4.19879
-2.87073
10.5215
-2.92973
-4.11247
-0.68956
7.146
-5.03123
7.88147
5.14974
-4.11005
-5.80833
5.30908
7.79308
2.34928
-3.79246
1.74717
-0.0202712
2.28622
-1.08293
2.03732
2.23493
-5.72125
-0.651393
2.15421
0.292164
-1.39919
0.362249
-4.05063
10.3407
3.05042
-3.59395
0.860407
-0.415742
-3.41164
1.88527
-1.47865
-3.30361
0.531343
-5.04433
3.93578
-0.888082
0.900647
0.903862
1.0472
2.18634
-4.48732
3.33068
-2.41765
2.74507
-2.65814
-3.02126
-1.73623
1.18756
3.46921
-5.26971
1.18599
1.94988
-1.15562
2.4659
-0.16323
1.86289
-3.2037
1.08009
-0.568024
-0.584793
-1.30822
-2.51183
1.07964
0.837328
3.46012
2.66375
-1.63635
3.3531
-2.75932
-1.52539
2.02665
-0.272325
2.27768
0.961936
-7.33148
1.79187
-2.67911
5.55323
0.375398
-0.638186
4.05049
-1.70748
1.6287
-0.602652
0.43739
-0.989472
-3.8978
2.51494
2.06979
-0.0959763
-3.11686
-3.53473
2.385
-0.126782
-1.20521
1.00606
0.497249
2.39719
2.16592
1.25339
-0.917848
-2.78369
-0.856857
-0.850976
2.11469
1.02831
-2.56687
0.95782
-1.27875
-0.476091
-0.928097
1.90992
-0.241467
0.249579
0.823592
-1.70027
0.139362
-1.71358
0.596017
1.51417
0.855123
-0.309062
-0.542962
-0.317771
-0.858662
0.453256
0.383052
-0.157534
4.44089e-15
0.544421
0.235271
0.118219
-0.9699
-1.27929
-0.00740125
1.05122
-0.681678
-0.888559
-0.645058
1.09573
-0.691111
-1.15484
-2.29828
-1.1679
-0.254785
-0.437367
0.839123
-0.94206
-1.60766
0.985326
-0.574474
-0.318634
-2.20783
-0.695302
0.941824
-0.709192
-2.48975
1.05179
-0.201404
0.27165
-3.36055
-2.19204
3.16636
-1.39239
0.123167
0.567823
-1.21496
2.11639
-0.130247
-0.686812
0.113287
0.970393
0.563447
0.857817
1.48848
-0.40367
2.12579
-0.375621
3.45999
-0.937921
0.69134
-0.529631
2.89179
0.628469
-2.97147
0.751929
-1.63908
1.42403
0.420308
-1.09709
-0.161202
0.155015
-6.26565
-2.22401
-0.0930696
3.39208
3.03314
0.706232
2.95832
-0.749676
-3.91123
-0.871472
-4.74832
-0.747217
-3.66897
0.882898
2.79954
-1.11547
3.44333
-1.46379
-0.71064
-3.41441
-3.81915
0.0958828
-0.985316
-1.14534
-1.66039
4.44626
-0.273967
3.63212
0.923245
4.13069
-2.41748
-0.861593
-4.59022
-5.65004
-2.53309
5.0068
1.80553
0.796287
1.7897
-1.4758
1.40642
-3.9443
-0.600966
2.45952
-0.0986371
-2.15072
-3.32251
-5.00571
3.70208
1.15146
-0.976488
6.64056
-1.27371
5.53072
4.02288
0.614781
-6.40111
5.24218
-7.62981
4.73674
0.539436
3.53606
6.65991
1.58473
0.19398
2.24617
-5.67044
4.5066
-0.666978
2.76927
-0.130262
2.55343
1.73851
-7.61828
0.582109
4.2791
-3.27942
3.54939
0.311136
-3.24361
-1.60751
-4.18373
1.27568
-0.0132656
-1.25854
7.00548
-0.631038
5.6117
-3.00029
-3.15384
-0.12896
2.44169
-4.26317
-3.72345
1.70567
-3.01906
-2.62132
-5.80832
0.849792
-0.231658
0.798484
6.61355
1.05075
-0.0442323
1.54248
-0.186536
-3.52021
0.627737
-8.46742
-2.13327
-1.76758
12.0974
0.934899
7.35113
5.41441
-1.17612
-2.33246
-7.94535
-5.48277
-1.79342
-10.4209
-2.90753
-2.05222
4.26648
3.98236
-0.0442825
1.63859
-5.40554
-0.24645
-6.14844
10.0334
4.18368
-4.51767
5.56275
3.97559
10.1867
-4.63968
-3.95003
4.81388
2.96287
1.6298
-7.15994
-3.51846
2.96442
-1.92706
3.48446
-3.80553
-0.0675487
9.56911
-1.74517
1.10606
-3.41689
5.54371
9.16314
7.51122
-8.96104
1.0484
0.596009
-5.16157
6.80149
0.0981132
-2.5873
-1.87569
3.1772
-4.66065
-6.73231
2.75429
0.353447
-3.55597
2.4677
-10.7055
-0.210736
-3.57628
-7.27188
0.711419
-9.27252
1.78127
10.8137
-2.57642
-2.88559
-1.21729
-5.70297
0.300641
-4.93332
-2.2284
-5.29302
5.95252
2.60244
8.37778
-4.69597
-2.47503
-2.59796
3.86037
4.21304
2.98387
2.85276
-3.97847
-0.601336
-9.44761
-5.14466
2.65587
0.943755
-5.78043
-4.04963
-5.22586
-10.715
4.56378
-6.07741
-2.98078
4.63558
-1.49856
2.91474
4.32022
-8.77118
-0.234306
-9.56321
0.0743205
-3.2211
-10.8517
-4.43921
0.473716
2.11187
3.07898
-0.805389
3.32451
-11.661
-2.0052
-5.3585
2.88509
5.55818
5.24636
-3.67146
-0.353195
0.620229
-7.11383
3.0154
4.32314
-1.16139
-0.904642
1.91404
9.06186
2.2616
4.9402
-2.10159
5.05565
1.55065
-0.141445
-3.17315
-5.04698
-21.462
0.215435
-0.504753
-5.76953
1.64519
-2.61774
1.80034
-7.43052
4.11281
0.252618
-10.7636
-7.62631
-8.4096
-1.3573
6.26238
-4.41121
5.39849
2.53039
5.04217
-3.46523
-5.06171
-9.18462
-9.71168
-7.45398
-3.0344
5.04412
-8.17739
-2.57195
-6.628
-1.25876
3.93224
-2.29166
-6.75205
11.2072
1.12651
-1.08194
-2.00255
-6.8241
8.63566
-6.81885
-6.87791
-5.09704
3.7398
0.770399
0.78551
-1.98839
-3.70421
1.81853
0.166916
-9.30304
-13.6365
6.23471
10.2147
5.52443
-5.04819
-5.12422
-4.0038
2.14948
-14.1399
-1.047
-1.28291
-9.90705
7.7937
2.34935
-16.786
6.12048
9.33547
0.921872
-1.1264
2.28003
3.0645
-3.77823
13.8085
-3.048
-8.35317
0.10245
-9.08542
-2.22795
-0.632104
-13.7238
-4.13672
-7.72832
-0.899738
-3.62138
-5.3845
-6.22149
8.83518
9.64918
6.65061
2.03312
6.6732
-0.998716
5.58036
-1.95921
-2.54908
3.06245
7.50121
-5.58285
-10.391
-8.94048
-3.99618
-6.07671
-6.35474
-9.95418
3.84362
3.86167
1.30942
-0.738983
-1.35359
6.49581
3.24743
0.153035
-1.26012
-13.8443
5.49605
6.3089
5.12685
-5.5444
0.487596
3.12353
1.96031
-1.07578
-9.63987
-11.8135
6.20822
-2.96301
-5.01113
-10.2113
-2.58139
-4.09659
0.763176
-10.661
-3.88417
14.7351
-8.07456
-12.2912
4.69431
-8.63345
4.7019
-1.86929
-10.3698
7.94574
3.71582
4.66293
13.2883
4.21046
9.30611
1.50189
-6.00418
-13.8733
1.95728
1.95543
-2.2994
15.6107
-0.419273
-5.23609
-4.61577
1.45588
-3.67837
-14.4249
1.23147
1.94566
7.33669
1.2554
-1.47228
18.3761
-4.55404
2.62165
7.7796
-0.971015
11.8834
-9.80477
-3.06357
-1.01067
11.0592
-3.73142
-2.72242
-1.75231
3.72795
-3.57309
-2.23047
-14.2033
-1.40172
-7.38023
-8.1049
2.46784
-6.85982
0.645543
-4.2888
-4.21986
4.23344
-4.67836
-10.8529
-6.51794
6.05206
10.0789
-4.53251
3.66966
-22.7962
