0.736108
-0.0540557
0.857339
-0.945371
-0.402695
0.838255
0.117965
0.512488
-0.0717048
0.515843
0.957559
-0.847415
-0.19554
-0.41313
0.678403
-0.450572
0.962212
0.523227
0.359876
-0.791162
-0.193646
0.0426457
0.665915
0.286098
0.734257
0.599298
-0.111728
-0.7372
0.590541
-0.217213
-0.0874539
-0.604149
0.521268
-0.56499
-0.0208952
-0.4267
0.210504
-0.320173
-0.173995
0.262615
-0.934435
0.998984
-0.572636
0.471914
-0.875974
-0.823735
0.246593
-0.539631
0.844212
0.619723
-0.892917
-0.138407
-0.783186
-0.312593
0.733863
0.31253
0.895967
-0.462461
-0.107961
-0.93039
0.156853
-0.371102
-0.719287
-0.783461
-0.563432
-0.462845
0.527484
0.924212
0.830025
0.549886
0.745842
-0.606802
-0.389409
-0.861382
-0.590321
0.367336
-0.437957
0.797861
-0.37569
-0.745703
0.733043
-0.96002
-0.0523114
0.538417
0.306743
-0.275213
-0.359398
-0.0651699
-0.155755
0.717986
-0.650119
0.848134
0.360726
-0.0687541
0.684603
-0.667017
0.556534
0.893417
-0.466382
-0.93036
-0.865997
0.907567
-0.286494
-0.0206937
0.532993
0.244913
0.496332
-0.197358
-0.567342
-0.91181
-0.598562
-0.9097
0.664079
0.872055
0.754644
-0.480694
-0.638141
-0.356983
-0.592651
0.26773
-0.284253
-0.173798
-0.720812
0.543283
0.317336
0.765105
-0.463065
0.200158
-0.571395
-0.0260599
0.425526
0.829093
0.232943
0.788973
0.298281
-0.122683
-0.860101
-0.130487
-0.622477
-0.690955
-0.386054
-0.127622
-0.150794
-0.210521
-0.190605
0.24358
0.269666
0.0976095
0.468989
0.410507
0.0318617
0.448951
-0.410378
0.877568
0.760205
-0.522754
-0.475966
0.0907384
-0.28713
-0.800369
-0.704403
-0.995496
-0.948789
-0.259699
0.506207
-0.0774887
0.863888
-0.0403036
-0.0735909
0.696587
0.964202
0.541696
0.8687
0.666821
-0.182693
0.577572
-0.926072
0.95369
0.18929
0.752215
-0.691239
-0.953885
-0.00238356
0.990625
-0.585783
-0.683621
0.220676
0.649134
0.315957
0.666921
-0.883675
0.724743
0.812845
0.475697
-0.865178
0.479148
0.859186
0.703611
0.748607
-0.427021
0.424848
0.00853468
-0.9642
-0.160309
-0.263001
-0.378653
-0.0326428
0.768615
-0.813927
-0.0176359
-0.353581
0.71877
0.603792
-0.161495
0.345873
0.481121
-0.55307
-0.665597
0.0910304
0.511041
0.95814
0.836619
0.909819
-0.354337
0.52289
0.606355
0.57625
0.856908
-0.199507
-0.296741
-0.0117023
-0.187308
0.774569
0.413891
0.415495
-0.726196
0.346766
-0.869037
-0.113974
0.201328
0.528782
-0.260306
-0.630668
-0.654391
0.125841
-0.324984
0.702167
0.492014
0.00246427
0.425394
-0.403041
-0.117392
-0.110896
0.479925
0.232235
-0.885157
0.654259
-0.482746
0.175094
0.987716
-0.167212
0.67507
0.39941
0.642446
0.701604
-0.319082
-0.101059
-0.208706
0.983242
-0.374887
-0.520108
-0.127019
0.354873
0.547429
0.461109
0.468009
-0.155048
0.0634627
-0.881076
-0.532882
-0.554307
-0.474994
0.706502
0.185694
-0.126004
0.129173
0.491287
-0.371761
-0.76502
-0.993343
-0.342098
-0.989717
0.916325
-0.117691
0.898649
0.965615
-0.256016
-0.92889
0.0129626
-0.683994
0.884631
-0.426536
-0.324953
-0.761792
-0.874105
0.193825
-0.235148
-0.661334
-0.204714
-0.0570733
0.757036
0.693199
-0.451539
-0.688585
0.975526
-0.399931
0.878087
-0.472681
0.93637
0.0510788
0.671471
-0.87763
0.52176
-0.349524
0.237847
-0.719522
0.522726
0.965021
-0.208525
0.834052
0.45891
0.307231
-0.158129
-0.666765
-0.624733
0.813757
0.781918
0.150431
-0.457991
-0.569005
0.662777
0.670576
-0.97221
-0.580462
0.68607
-0.383134
0.17964
0.639079
0.0133429
0.992221
0.327585
0.740393
0.504558
0.651949
0.83859
0.107633
0.728278
0.55023
-0.0217477
0.984585
-0.414565
-0.865544
-0.119081
-0.264053
0.638569
-0.773298
0.258897
0.197088
0.150484
-0.211543
-0.0248911
0.153472
-0.558588
-0.912983
0.739674
0.564861
0.778022
0.918469
-0.898162
-0.327074
0.9193
0.568516
0.0323918
0.977585
0.541584
0.277845
0.8353
-0.782886
-0.952004
0.0548756
0.322168
0.270543
-0.713
0.0243013
-0.279723
-0.550449
-0.915116
0.459491
-0.284176
-0.904702
-0.649312
-0.0945519
-0.297519
-0.720563
0.743557
0.10637
-0.733493
-0.754015
-0.493979
-0.520828
-0.740888
-0.299192
-0.437399
0.220001
0.750868
-0.615191
0.761072
-0.0243189
-0.514899
-0.830136
-0.792818
-0.413608
0.828621
-0.306988
-0.950088
-0.130945
-0.432008
-0.83979
0.643925
-0.420179
0.876947
-0.0940812
0.150229
-0.904899
0.680243
0.571598
-0.914116
0.725456
0.18644
0.435455
-0.599382
0.825645
-0.414881
-0.408756
0.861326
0.885071
0.907623
-0.904628
-0.355557
0.269695
-0.216302
-0.695106
0.544979
-0.945851
0.275914
0.047907
0.45
0.387504
0.035597
-0.877103
0.918249
-0.146247
-0.876889
-0.957407
-0.543366
-0.0205175
-0.672238
0.459586
-0.262123
0.495126
-0.135126
0.92676
-0.594223
0.552705
-0.87857
0.954236
-0.398708
0.026999
-0.525512
-0.109304
-0.0265997
-0.798615
0.254967
-0.446839
-0.934262
0.837505
0.8205
0.921686
-0.00785598
-0.767776
0.573062
-0.0602132
0.507024
-0.474653
-0.44865
0.456842
-0.847519
-0.535659
0.150773
-0.963508
0.107047
0.723228
0.644331
0.990065
-0.763005
-0.193253
-0.719625
0.522176
0.1831
0.746037
0.490348
-0.328369
