0.479748
-0.45013
-0.962535
0.422431
-0.0763878
0.195293
0.468319
0.427603
-0.788111
0.290771
0.751937
-0.814217
-0.163013
-0.735819
0.945249
-0.47024
-0.998923
-0.957378
0.165661
0.939221
-0.248878
0.40977
-0.21183
-0.0531863
0.270196
-0.681407
0.565569
-0.129093
-0.115538
-0.095409
0.121138
0.905635
-0.661272
-0.694653
0.414737
-0.698289
0.16521
-0.731629
0.886279
0.839065
-0.95619
0.217594
-0.11554
-0.493141
0.291817
-0.575452
-0.298116
0.898759
0.939438
-0.81146
0.651174
-0.275519
-0.239715
0.465279
0.95785
0.429591
-0.824781
-0.389648
0.495286
0.489335
0.350195
-0.541323
-0.388387
-0.183561
0.656811
-0.362225
0.783392
-0.0479723
0.822475
-0.653945
-0.344231
-0.296402
-0.457953
0.146704
-0.172039
-0.561323
-0.821688
0.808838
0.338575
-0.629251
0.786214
-0.54266
-0.040813
0.484519
-0.442028
-0.8471
-0.594555
0.819913
-0.230713
0.0112069
-0.341035
0.548451
-0.924985
0.11945
-0.865521
-0.133906
0.595874
-0.36618
-0.934483
-0.409563
0.159588
0.0583259
0.820044
-0.313507
-0.0174019
0.011225
0.339631
0.170138
0.0881429
-0.473496
-0.725452
0.863437
0.487084
-0.238509
0.506767
-0.121788
0.406069
0.868076
0.141346
-0.917098
-0.616722
0.886565
0.881644
0.931744
-0.913621
-0.241617
0.807184
-0.109894
0.491104
0.495963
-0.431767
0.380147
0.372228
-0.631529
-0.926835
0.481793
0.794602
-0.660823
0.772115
-0.841516
0.231156
-0.455375
-0.970022
0.091284
-0.512842
-0.897673
-0.602683
0.574976
0.0519866
0.726441
0.997644
-0.153745
-0.802276
-0.940218
0.801867
-0.258246
-0.0878378
-0.647706
0.833181
0.0811598
0.391614
-0.00746587
0.788851
-0.958483
0.210197
0.230823
-0.307108
-0.907196
0.701859
0.290045
0.0961633
-0.0497
0.847575
-0.137764
-0.982675
0.550849
-0.214679
-0.564313
0.0455925
0.748707
-0.846199
0.67863
0.109291
-0.0877002
-0.23486
-0.984034
0.340673
-0.127165
-0.97404
-0.391591
0.340198
-0.231817
-0.377241
-0.226312
-0.661405
0.638104
-0.722177
-0.336937
-0.353422
-0.205258
0.404006
-0.618014
0.152414
0.977499
0.799689
-0.952294
0.50865
0.651449
-0.107915
-0.122041
-0.371821
-0.51429
-0.636131
0.166939
-0.611053
-0.817125
-0.208113
0.866603
0.117134
0.801413
-0.734204
-0.669673
0.00273415
-0.00699727
-0.219234
0.307163
0.601359
0.153525
-0.615447
0.281341
0.91971
-0.990492
-0.304381
0.411557
0.625501
-0.711796
0.186175
0.224601
0.526818
-0.98528
-0.278208
0.823262
-0.693577
-0.370118
0.548718
-0.789098
-0.460131
-0.675614
-0.922466
0.922004
-0.403709
-0.370858
0.31562
0.0729733
-0.10841
-0.763591
-0.799278
-0.483215
0.898473
-0.0380466
0.834062
0.736965
0.502068
0.116156
-0.444632
-0.725755
-0.261883
0.735254
-0.537476
-0.859838
-0.291503
-0.0821371
-0.777608
-0.789247
-0.304635
-0.0606606
0.0395007
0.757534
0.532631
0.72942
0.899564
0.939326
0.138193
-0.971155
-0.987194
0.0389892
-0.669536
0.719131
-0.00294668
-0.971061
-0.770183
0.212369
0.445676
-0.402377
0.695167
0.824912
0.21994
-0.596106
-0.978033
-0.180841
0.706388
0.0644112
-0.39196
0.194817
-0.00142913
0.994727
-0.546002
-0.69498
-0.592859
0.94392
0.547833
-0.178533
-0.281778
-0.96538
0.14396
0.15728
0.933494
0.560152
-0.185113
-0.519992
0.370467
-0.532505
-0.027504
0.344757
-0.404171
0.645491
-0.467424
-0.147757
0.320707
-0.73213
0.276245
0.535168
-0.582907
-0.455926
0.419696
0.227171
-0.594753
-0.241257
0.543818
0.825487
-0.223028
-0.189013
-0.578433
0.895456
-0.560249
-0.574404
-0.99226
-0.963638
-0.161003
0.556993
-0.298558
0.716903
-0.123757
-0.567058
0.20142
0.287897
-0.486943
-0.467767
0.332092
-0.96154
-0.859687
0.40542
-0.704234
-0.357449
-0.736513
-0.620946
0.309679
-0.87183
0.0192708
-0.938757
-0.793362
0.0474172
-0.083355
0.851992
-0.554939
-0.245082
-0.154992
-0.661023
0.475487
0.677083
0.464963
-0.834462
-0.802739
0.438683
-0.9648
0.773603
0.876253
-0.818806
-0.100023
0.639626
0.385414
-0.145175
-0.566214
0.607797
-0.596863
0.887762
-0.900757
-0.784171
-0.541708
-0.549889
-0.694497
0.681283
0.800642
-0.102951
0.768242
0.716562
0.176735
0.00135528
-0.986077
0.412575
-0.532587
0.46926
-0.694226
0.186395
-0.0171492
0.167159
-0.852065
-0.156394
0.1999
0.622248
-0.730251
-0.655186
-0.462576
-0.761154
-0.866032
-0.747872
-0.322289
0.332385
0.623161
0.658287
0.169662
-0.85263
0.204585
-0.486209
0.308367
-0.592821
-0.839951
0.704187
0.0463867
-0.205079
0.280858
-0.0894413
-0.311642
0.579293
-0.252867
-0.384597
-0.786693
-0.124183
-0.168722
0.439147
-0.929344
0.519408
-0.911351
-0.532419
-0.211886
-0.207974
-0.938099
-0.868649
-0.06486
-0.164123
0.0127459
-0.522643
0.473444
-0.501822
0.0838177
-0.494179
0.346132
0.734509
0.713351
-0.250286
-0.791667
0.192367
-0.543838
-0.44015
0.33392
0.038447
-0.953168
0.992476
0.600349
-0.481723
0.801111
-0.295774
-0.250766
0.998934
-0.801083
-0.528008
0.147098
0.30757
0.943208
-0.400284
0.444039
0.656972
0.345044
-0.449946
-0.559806
-0.635498
0.0622423
-0.662787
-0.594818
-0.156508
0.116034
0.784214
-0.615836
-0.583432
-0.787518
-0.465473
-0.528986
-0.131466
-0.852712
-0.67334
0.373926
0.739594
