0.0878753662109375
0.0903930664062500
0.0926055908203125
0.0951538085937500
0.0977478027343750
0.100296020507813
0.102767944335938
0.105133056640625
0.107299804687500
0.109924316406250
0.111343383789063
0.112335205078125
0.112228393554688
0.112533569335938
0.113128662109375
0.114044189453125
0.113952636718750
0.113372802734375
0.112319946289063
0.110733032226563
0.108917236328125
0.107040405273438
0.103973388671875
0.0996093750000000
0.0949859619140625
0.0908813476562500
0.0871734619140625
0.0841522216796875
0.0805511474609375
0.0776824951171875
0.0751495361328125
0.0729522705078125
0.0717163085937500
0.0704956054687500
0.0687561035156250
0.0675659179687500
0.0655517578125000
0.0637207031250000
0.0618743896484375
0.0603027343750000
0.0598907470703125
0.0600891113281250
0.0603179931640625
0.0618896484375000
0.0627899169921875
0.0645446777343750
0.0661621093750000
0.0681152343750000
0.0697479248046875
0.0718536376953125
0.0745849609375000
0.0768127441406250
0.0792388916015625
0.0817108154296875
0.0848693847656250
0.0881652832031250
0.0914306640625000
0.0953979492187500
0.0994567871093750
0.103179931640625
0.107208251953125
0.109634399414063
0.111511230468750
0.112533569335938
0.113494873046875
0.114334106445313
0.115234375000000
0.115356445312500
0.116058349609375
0.116958618164063
0.117248535156250
0.117446899414063
0.116851806640625
0.115264892578125
0.114364624023438
0.112777709960938
0.110549926757813
0.108551025390625
0.106399536132813
0.104049682617188
0.101776123046875
0.100280761718750
0.0983581542968750
0.0969848632812500
0.0962524414062500
0.0955352783203125
0.0942382812500000
0.0931243896484375
0.0913848876953125
0.0899963378906250
0.0876464843750000
0.0857238769531250
0.0834655761718750
0.0819549560546875
0.0798339843750000
0.0782318115234375
0.0773620605468750
0.0760955810546875
0.0750732421875000
0.0738830566406250
0.0732421875000000
0.0733337402343750
0.0738067626953125
0.0754852294921875
0.0778808593750000
0.0803222656250000
0.0837707519531250
0.0866394042968750
0.0898742675781250
0.0927429199218750
0.0950012207031250
0.0973358154296875
0.0994567871093750
0.101791381835938
0.103744506835938
0.105422973632813
0.107955932617188
0.110321044921875
0.112869262695313
0.115600585937500
0.118759155273438
0.123748779296875
0.127471923828125
0.131103515625000
0.133880615234375
0.136093139648438
0.137481689453125
0.138473510742188
0.139266967773438
0.139480590820313
0.138687133789063
0.138473510742188
0.138549804687500
0.138778686523438
0.138092041015625
0.137283325195313
0.137115478515625
0.135772705078125
0.134033203125000
0.132415771484375
0.131240844726563
0.130065917968750
0.129547119140625
0.128662109375000
0.127685546875000
0.126159667968750
0.123947143554688
0.121871948242188
0.120147705078125
0.118118286132813
0.116394042968750
0.114456176757813
0.112670898437500
0.110107421875000
0.108703613281250
0.107086181640625
0.105804443359375
0.104217529296875
0.102462768554688
0.100921630859375
0.100723266601563
0.101089477539063
0.101226806640625
0.101119995117188
0.101348876953125
0.101547241210938
0.102096557617188
0.102203369140625
0.101577758789063
0.100830078125000
0.0999450683593750
0.0997924804687500
0.0989074707031250
0.0990600585937500
0.0995025634765625
0.0984344482421875
0.0984802246093750
0.0981597900390625
0.0971374511718750
0.0963897705078125
0.0944976806640625
0.0923614501953125
0.0907592773437500
0.0890197753906250
0.0876770019531250
0.0855407714843750
0.0825653076171875
0.0794067382812500
0.0754852294921875
0.0721130371093750
0.0686950683593750
0.0651550292968750
0.0619659423828125
0.0582427978515625
0.0540161132812500
0.0505218505859375
0.0466003417968750
0.0431823730468750
0.0397949218750000
0.0362396240234375
0.0332336425781250
0.0303039550781250
0.0272979736328125
0.0244445800781250
0.0210113525390625
0.0178833007812500
0.0150299072265625
0.0130462646484375
0.0115661621093750
0.00926208496093750
0.00762939453125000
0.00540161132812500
0.00347900390625000
0.00109863281250000
-0.00140380859375000
-0.00291442871093750
-0.00367736816406250
-0.00305175781250000
-0.00198364257812500
-0.000244140625000000
0.00177001953125000
0.00344848632812500
0.00482177734375000
0.00674438476562500
0.00807189941406250
0.00962829589843750
0.0108337402343750
0.0115203857421875
0.0125122070312500
0.0136260986328125
0.0163421630859375
0.0182647705078125
0.0203247070312500
0.0230407714843750
0.0260620117187500
0.0303955078125000
0.0341796875000000
0.0370178222656250
0.0406494140625000
0.0437469482421875
0.0467071533203125
0.0511627197265625
0.0542449951171875
0.0573883056640625
0.0604248046875000
0.0633239746093750
0.0665283203125000
0.0690155029296875
0.0709686279296875
0.0716705322265625
0.0733337402343750
0.0741729736328125
0.0761871337890625
0.0789031982421875
0.0818786621093750
0.0853271484375000
0.0876922607421875
0.0907440185546875
0.0943298339843750
0.0980987548828125
0.101776123046875
0.105712890625000
0.110580444335938
0.115432739257813
0.120407104492188
0.124359130859375
0.128662109375000
0.134124755859375
0.139846801757813
0.145843505859375
0.151641845703125
0.157180786132813
0.162826538085938
0.169525146484375
0.175231933593750
0.180740356445313
0.186141967773438
0.191436767578125
0.197006225585938
0.202682495117188
0.208419799804688
0.213928222656250
0.218673706054688
0.223526000976563
0.227020263671875
0.230545043945313
0.233062744140625
0.235763549804688
0.237655639648438
0.239746093750000
0.240325927734375
0.241424560546875
0.241622924804688
0.241943359375000
0.241867065429688
0.240875244140625
0.239379882812500
0.237930297851563
0.236099243164063
0.233215332031250
0.229293823242188
0.225280761718750
0.220550537109375
0.216110229492188
0.211288452148438
0.207046508789063
0.202606201171875
0.199111938476563
0.194519042968750
0.189010620117188
0.183288574218750
0.176727294921875
0.170867919921875
0.164291381835938
0.157455444335938
0.150939941406250
0.144302368164063
0.137634277343750
0.130950927734375
0.123397827148438
0.116561889648438
0.109191894531250
0.102279663085938
0.0956268310546875
0.0879821777343750
0.0807952880859375
0.0732574462890625
0.0661468505859375
0.0597229003906250
0.0539093017578125
0.0479278564453125
0.0424194335937500
0.0365142822265625
0.0306091308593750
0.0242309570312500
0.0177459716796875
0.00985717773437500
0.00204467773437500
-0.00572204589843750
-0.0131378173828125
-0.0198059082031250
-0.0260314941406250
-0.0318908691406250
-0.0379486083984375
-0.0439910888671875
-0.0499114990234375
-0.0558166503906250
-0.0615844726562500
-0.0677337646484375
-0.0738677978515625
-0.0796508789062500
-0.0860748291015625
-0.0926818847656250
-0.0999145507812500
-0.107803344726563
-0.116058349609375
-0.124343872070313
-0.132858276367188
-0.141738891601563
-0.150955200195313
-0.161499023437500
-0.171768188476563
-0.181015014648438
-0.189849853515625
-0.197814941406250
-0.205383300781250
-0.212387084960938
-0.218429565429688
-0.224777221679688
-0.230621337890625
-0.237152099609375
-0.243301391601563
-0.249465942382813
-0.254928588867188
-0.260452270507813
-0.265914916992188
-0.270812988281250
-0.275878906250000
-0.280517578125000
-0.284194946289063
-0.287139892578125
-0.289138793945313
-0.291717529296875
-0.293029785156250
-0.294464111328125
-0.295120239257813
-0.295135498046875
-0.295257568359375
-0.296142578125000
-0.296966552734375
-0.296524047851563
-0.296127319335938
-0.294586181640625
-0.293624877929688
-0.293060302734375
-0.291961669921875
-0.290542602539063
-0.289001464843750
-0.288253784179688
-0.287139892578125
-0.285461425781250
-0.284500122070313
-0.283615112304688
-0.283782958984375
-0.284545898437500
-0.285217285156250
-0.285583496093750
-0.287277221679688
-0.287948608398438
-0.288894653320313
-0.290267944335938
-0.292144775390625
-0.294677734375000
-0.297195434570313
-0.300796508789063
-0.304443359375000
-0.309020996093750
-0.313491821289063
-0.317703247070313
-0.321121215820313
-0.324371337890625
-0.328231811523438
-0.333084106445313
-0.337066650390625
-0.340896606445313
-0.344360351562500
-0.347137451171875
-0.351028442382813
-0.354751586914063
-0.358413696289063
-0.361633300781250
-0.364868164062500
-0.369262695312500
-0.372344970703125
-0.375244140625000
-0.377807617187500
-0.379516601562500
-0.382232666015625
-0.384368896484375
-0.386367797851563
-0.388046264648438
-0.389602661132813
-0.391540527343750
-0.392501831054688
-0.393188476562500
-0.392745971679688
-0.393035888671875
-0.393692016601563
-0.393188476562500
-0.393356323242188
-0.393051147460938
-0.393310546875000
-0.393035888671875
-0.392135620117188
-0.390319824218750
-0.388397216796875
-0.386138916015625
-0.383728027343750
-0.380477905273438
-0.377349853515625
-0.374588012695313
-0.371490478515625
-0.369033813476563
-0.366195678710938
-0.363830566406250
-0.362731933593750
-0.361495971679688
-0.360870361328125
-0.359130859375000
-0.357543945312500
-0.355758666992188
-0.354064941406250
-0.353790283203125
-0.353271484375000
-0.353439331054688
-0.353851318359375
-0.355010986328125
-0.355728149414063
-0.356170654296875
-0.355316162109375
-0.354736328125000
-0.354782104492188
-0.354141235351563
-0.353103637695313
-0.351791381835938
-0.349456787109375
-0.347290039062500
-0.344009399414063
-0.340621948242188
-0.337188720703125
-0.333389282226563
-0.329696655273438
-0.326339721679688
-0.323120117187500
-0.318786621093750
-0.314056396484375
-0.308288574218750
-0.302612304687500
-0.296066284179688
-0.289016723632813
-0.282562255859375
-0.275634765625000
-0.269943237304688
-0.263366699218750
-0.256515502929688
-0.249053955078125
-0.241928100585938
-0.234512329101563
-0.226699829101563
-0.219924926757813
-0.212829589843750
-0.206085205078125